    x(1)     x(2)       y	
   1.1779   1.8344	+1
   1.9891   1.8008	+1
   1.3985   1.2755	+1
   1.9886   1.5408	+1
   1.1554   1.6021	+1
   1.0083   1.9515	+1
   1.7439   1.9182	+1
   1.4448   1.9913	+1
   1.2973   1.1694	+1
   1.5215   1.1482	+1
  -0.423148  -0.280258	-1
  -0.907174  -0.984379	-1
  -0.503610  -0.474623	-1
  -0.242701  -0.704522	-1
  -0.168896  -0.836723	-1
  -0.048811  -0.582844	-1
  -0.461277  -0.409432	-1
  -0.967822  -0.475415	-1
  -0.819955  -0.063028	-1
  -0.187438  -0.089617	-1
